# TABELA #

# VETOR DIMENSÃO 10^5 = 100.000
# Intervalo : Encontrados	T Sequencial (em s)		#Thread Principal	  #T Concorrente (em s)	    #nº Threads		#Ganho
(0.00,0.00):0           	0.000881                        1                               0.001342                1               0.656789
(0.00,1.00):1           	0.000883                        1                               0.001361                1               0.649199
(0.00,2.00):3           	0.000902                        1                               0.001386                1               0.650790
(0.00,2.50):4           	0.000923                        1                               0.001352                1               0.682893
(0.00,50000.00):99999           0.000906                        1                               0.001483                1               0.610844

(0.00,0.00):0           	0.000886                        1                               0.001013                2               0.874352
(0.00,1.00):1           	0.000888                        1                               0.001194                2               0.743861
(0.00,2.00):3           	0.000888                        1                               0.001008                2               0.880634
(0.00,2.50):4           	0.000892                        1                               0.000948                2               0.940427
(0.00,50000.00):99999           0.000686                        1                               0.000796                2               0.862262

(0.00,0.00):0           	0.000886                        1                               0.001013                4               0.874231
(0.00,1.00):1           	0.000886                        1                               0.000964                4               0.919554
(0.00,2.00):3           	0.000891                        1                               0.000994                4               0.896574
(0.00,2.50):4           	0.000674                        1                               0.000853                4               0.790257
(0.00,50000.00):99999           0.000908                        1                               0.001006                4               0.902538

# VETOR DIMENSÃO 10^7 = 10.000.000
(0.00,0.00):0           	0.040268                        1                               0.035313                1               1.140313
(0.00,1.00):1           	0.042868                        1                               0.040439                1               1.060083
(0.00,2.00):3           	0.041164                        1                               0.034113                1               1.206699
(0.00,2.50):4           	0.038375                        1                               0.035188                1               1.090557
(0.00,50000.00):99999           0.037933                        1                               0.035552                1               1.066992

(0.00,0.00):0           	0.037005                        1                               0.023301                2               1.588128
(0.00,1.00):1           	0.038310                        1                               0.021174                2               1.809284
(0.00,2.00):3           	0.041339                        1                               0.021018                2               1.966827
(0.00,2.50):4           	0.040562                        1                               0.021623                2               1.875904
(0.00,50000.00):99999           0.038638                        1                               0.020436                2               1.890630

(0.00,0.00):0           	0.038209                        1                               0.015293                4               2.498448
(0.00,1.00):1           	0.040922                        1                               0.014604                4               2.802128
(0.00,2.00):3           	0.036579                        1                               0.014769                4               2.476797
(0.00,2.50):4           	0.040670                        1                               0.013956                4               2.914067
(0.00,50000.00):99999           0.036275                        1                               0.015228                4               2.382102

# VETOR DIMENSÃO 10^8 = 100.000.000
(0.00,0.00):0           	0.304347                        1                               0.263595                1               1.154605
(0.00,1.00):1           	0.305106                        1                               0.264175                1               1.154940
(0.00,2.00):3           	0.308872                        1                               0.266600                1               1.158560
(0.00,2.50):4           	0.300688                        1                               0.264527                1               1.136703
(0.00,50000.00):99999           0.305340                        1                               0.264732                1               1.153392

(0.00,0.00):0           	0.310065                        1                               0.145539                2               2.130470
(0.00,1.00):1           	0.308593                        1                               0.143230                2               2.154530
(0.00,2.00):3           	0.305076                        1                               0.143603                2               2.124430
(0.00,2.50):4           	0.301600                        1                               0.152172                2               1.981963
(0.00,50000.00):99999           0.308053                        1                               0.144118                2               2.137508

(0.00,0.00):0           	0.302686                        1                               0.085593                4               3.536346
(0.00,1.00):1           	0.315603                        1                               0.085881                4               3.674890
(0.00,2.00):3           	0.313445                        1                               0.086835                4               3.609654
(0.00,2.50):4           	0.316458                        1                               0.086245                4               3.669304
(0.00,50000.00):99999           0.302598                        1                               0.086687                4               3.490711