# TABELA #
PARTIÇÕES	Tseq		THREADS		Tconc		GANHO
6000		0.001455	1		0.001525	0.954155
6000		0.000989	1		0.001855	0.533182
6000		0.001221	1		0.001220	1.001184
6000		0.000947	1		0.001869	0.506888
6000		0.001467	1		0.001418	1.034466
6000		0.001446	2		0.001122	1.289072
6000		0.001172	2		0.001125	1.042469
6000		0.001600	2		0.001003	1.595596
6000		0.001157	2		0.000931	1.242499
6000		0.001145	2		0.001512	0.757384
6000		0.001470	4		0.001229	1.195828
6000		0.001143	4		0.000900	1.270536
6000		0.001446	4		0.000844	1.714472
6000		0.001145	4		0.001006	1.138285
6000		0.001146	4		0.000688	1.665533
6000		0.001144	8		0.001222	0.935758
6000		0.001147	8		0.001346	0.852265
6000		0.001141	8		0.000920	1.240496
6000		0.001961	8		0.001625	1.206345
6000		0.001036	8		0.001286	0.805292
6000000		0.658992	1		0.668063	0.986422
6000000		0.661928	1		0.663718	0.997303
6000000		0.659152	1		0.665430	0.990565
6000000		0.655042	1		0.664981	0.985054
6000000		0.656952	1		0.662381	0.991804
6000000		0.651670	2		0.355625	1.832463
6000000		0.656178	2		0.358239	1.831678
6000000		0.649535	2		0.356401	1.822484
6000000		0.653975	2		0.357789	1.827821
6000000		0.646926	2		0.350750	1.844408
6000000		0.653488	4		0.207008	3.156826
6000000		0.656395	4		0.205313	3.197050
6000000		0.651174	4		0.206027	3.160628
6000000		0.655531	4		0.207289	3.162403
6000000		0.658392	4		0.212882	3.092750
6000000		0.651190	8		0.120163	5.419221
6000000		0.652894	8		0.119674	5.455593
6000000		0.652477	8		0.120899	5.396886
6000000		0.654587	8		0.121232	5.399467
6000000		0.652314	8		0.120696	5.404600
60000000	6.489381	1		6.575419	0.986915
60000000	6.485954	1		6.550398	0.990162
60000000	6.497906	1		6.541559	0.993327
60000000	6.653906	1		6.544854	1.016662
60000000	6.501797	1		6.553827	0.992061
60000000	7.149303	2		3.479737	2.054553
60000000	6.546199	2		3.459425	1.892279
60000000	7.721080	2		3.464654	2.228529
60000000	6.516202	2		3.482259	1.871257
60000000	6.488303	2		3.479998	1.864456
60000000	6.503977	4		1.996431	3.257802
60000000	6.501579	4		1.983332	3.278109
60000000	6.501117	4		1.977223	3.288004
60000000	6.491793	4		1.989918	3.262342
60000000	6.717839	4		1.978231	3.395882
60000000	6.505141	8		1.180072	5.512493
60000000	6.477728	8		1.134614	5.709193
60000000	6.491257	8		1.140211	5.693029
60000000	6.483882	8		1.163790	5.571351
60000000	6.573971	8		1.185388	5.545841
600000000	70.657071	1		65.482261	1.079026
600000000	64.988072	1		65.485597	0.992403
600000000	64.935658	1		65.478640	0.991707
600000000	64.812419	1		65.544940	0.988824
600000000	64.858001	1		65.472963	0.990607
600000000	64.859242	2		34.598433	1.874629
600000000	65.035968	2		34.591514	1.880113
600000000	64.896272	2		34.690810	1.870705
600000000	64.944835	2		34.673407	1.873045
600000000	64.901495	2		34.669788	1.871990
600000000	65.034466	4		19.717326	3.298341
600000000	64.936359	4		19.759346	3.286362
600000000	64.924926	4		19.788548	3.280934
600000000	64.906511	4		19.715849	3.292098
600000000	64.886657	4		19.720680	3.290285
600000000	64.974006	8		11.322500	5.738486
600000000	64.989937	8		11.391600	5.705075
600000000	66.301849	8		11.647853	5.692195
600000000	64.918607	8		11.371492	5.708891
600000000	65.177177	8		11.319631	5.757889
