# TABELA SIMPSONS #
PARTIÇÕES	Tseq		THREADS		Tconc		GANHO
6000		0.000500	1		0.001493	0.335090
6000		0.000551	1		0.001460	0.377448
6000		0.000499	1		0.000854	0.583704
6000		0.000588	1		0.000921	0.637697
6000		0.000580	1		0.001111	0.522158
6000		0.000586	2		0.000828	0.707384
6000		0.000589	2		0.001051	0.560383
6000		0.000925	2		0.001013	0.913888
6000		0.000582	2		0.000776	0.749447
6000		0.000606	2		0.000890	0.680852
6000		0.000460	4		0.000805	0.571899
6000		0.000580	4		0.000733	0.791163
6000		0.000582	4		0.000691	0.843197
6000		0.000582	4		0.000791	0.735388
6000		0.000924	4		0.001673	0.552125
6000		0.000591	8		0.002785	0.212096
6000		0.000857	8		0.001446	0.592699
6000		0.000382	8		0.001296	0.294378
6000		0.000582	8		0.001374	0.423830
6000		0.000585	8		0.001685	0.347408
6000000		0.263601	1		0.318504	0.827621
6000000		0.256299	1		0.321689	0.796731
6000000		0.254165	1		0.313813	0.809923
6000000		0.250960	1		0.321655	0.780215
6000000		0.259147	1		0.315528	0.821314
6000000		0.256307	2		0.170234	1.505616
6000000		0.254849	2		0.173789	1.466424
6000000		0.255598	2		0.173427	1.473810
6000000		0.259011	2		0.171423	1.510944
6000000		0.255014	2		0.175402	1.453888
6000000		0.257426	4		0.099392	2.590020
6000000		0.258066	4		0.099358	2.597349
6000000		0.251022	4		0.101413	2.475236
6000000		0.255232	4		0.100028	2.551616
6000000		0.254532	4		0.100208	2.540038
6000000		0.262252	8		0.059228	4.427831
6000000		0.256755	8		0.053389	4.809118
6000000		0.255725	8		0.056484	4.527394
6000000		0.252671	8		0.058420	4.325109
6000000		0.258550	8		0.056072	4.611052
60000000	2.517971	1		3.109332	0.809811
60000000	2.540426	1		3.092057	0.821597
60000000	2.514448	1		3.091926	0.813231
60000000	2.510584	1		3.095764	0.810974
60000000	2.510089	1		3.140202	0.799340
60000000	2.512433	2		1.663409	1.510412
60000000	2.513586	2		1.659794	1.514396
60000000	2.520307	2		1.639097	1.537619
60000000	2.551999	2		1.653354	1.543529
60000000	2.525769	2		1.654280	1.526808
60000000	2.520452	4		0.930807	2.707814
60000000	2.524582	4		0.929061	2.717348
60000000	2.524050	4		0.929091	2.716687
60000000	2.536921	4		0.928210	2.733132
60000000	2.507465	4		0.931513	2.691818
60000000	2.517161	8		0.490125	5.135759
60000000	2.515543	8		0.497161	5.059815
60000000	2.799258	8		0.495345	5.651130
60000000	2.750676	8		0.489623	5.617950
60000000	2.517055	8		0.490580	5.130770
600000000	25.210372	1		30.859496	0.816940
600000000	25.077624	1		30.828458	0.813457
600000000	25.127794	1		30.899077	0.813222
600000000	25.123332	1		30.934729	0.812140
600000000	25.132039	1		30.878126	0.813911
600000000	25.137423	2		16.400304	1.532741
600000000	25.059284	2		16.434891	1.524761
600000000	25.085311	2		16.441716	1.525711
600000000	25.090838	2		16.331822	1.536316
600000000	25.119905	2		16.417692	1.530051
600000000	25.211924	4		9.223800	2.733356
600000000	25.101602	4		9.221743	2.722002
600000000	25.084351	4		9.223186	2.719706
600000000	25.100347	4		9.218538	2.722812
600000000	25.132452	4		9.216875	2.726787
600000000	25.096840	8		4.880408	5.142365
600000000	25.447976	8		4.847087	5.250159
600000000	26.220216	8		4.832551	5.425750
600000000	25.098877	8		4.842488	5.183054
600000000	25.149186	8		4.866486	5.167833
