# TABELA #
PARTIÇÕES	Tseq		THREADS		Tconc		GANHO
6000		0.000866	1		0.001079	0.801822
6000		0.000578	1		0.001431	0.404015
6000		0.000470	1		0.001646	0.285849
6000		0.000456	1		0.000894	0.510116
6000		0.000456	1		0.000873	0.522403
6000		0.000591	2		0.000943	0.626908
6000		0.000451	2		0.001052	0.428602
6000		0.000452	2		0.000979	0.462108
6000		0.000571	2		0.001250	0.457240
6000		0.000488	2		0.000964	0.506132
6000		0.000575	4		0.000846	0.680142
6000		0.000454	4		0.000735	0.617802
6000		0.000572	4		0.000890	0.642575
6000		0.000572	4		0.000767	0.745801
6000		0.000613	4		0.001306	0.469489
6000		0.000571	8		0.000938	0.608401
6000		0.000618	8		0.001526	0.405091
6000		0.000869	8		0.002007	0.433140
6000		0.000577	8		0.001640	0.351547
6000		0.000472	8		0.001324	0.356350
6000000		0.258597	1		0.315019	0.820895
6000000		0.248420	1		0.310648	0.799683
6000000		0.253879	1		0.312258	0.813042
6000000		0.255181	1		0.316400	0.806514
6000000		0.255607	1		0.312947	0.816774
6000000		0.254985	2		0.173202	1.472182
6000000		0.256323	2		0.169792	1.509627
6000000		0.253838	2		0.170477	1.488982
6000000		0.306038	2		0.163928	1.866902
6000000		0.250545	2		0.176323	1.420946
6000000		0.253406	4		0.098063	2.584108
6000000		0.255494	4		0.098465	2.594781
6000000		0.249453	4		0.098853	2.523489
6000000		0.254349	4		0.100117	2.540516
6000000		0.249368	4		0.099654	2.502343
6000000		0.251552	8		0.056261	4.471174
6000000		0.250127	8		0.057660	4.337964
6000000		0.251130	8		0.055447	4.529194
6000000		0.247361	8		0.055474	4.459074
6000000		0.253425	8		0.053758	4.714157
60000000	2.470579	1		3.049559	0.810143
60000000	2.478412	1		3.052645	0.811890
60000000	2.486515	1		3.044899	0.816616
60000000	2.502620	1		3.039403	0.823392
60000000	2.485535	1		3.043561	0.816653
60000000	2.504220	2		1.618390	1.547353
60000000	2.481432	2		1.606590	1.544533
60000000	2.482430	2		1.610762	1.541153
60000000	2.474028	2		1.621997	1.525297
60000000	2.483081	2		1.605930	1.546195
60000000	2.499938	4		0.909767	2.747889
60000000	2.482762	4		0.915611	2.711592
60000000	2.486485	4		0.912833	2.723919
60000000	2.522784	4		0.912818	2.763732
60000000	2.479908	4		0.910910	2.722451
60000000	2.789206	8		0.486362	5.734835
60000000	2.481211	8		0.476939	5.202366
60000000	2.487158	8		0.482362	5.156204
60000000	2.521687	8		0.479164	5.262683
60000000	2.493642	8		0.503608	4.951556
600000000	24.706459	1		30.383786	0.813146
600000000	24.784513	1		30.433439	0.814384
600000000	24.766405	1		30.396797	0.814770
600000000	24.737738	1		30.396200	0.813843
600000000	24.711438	1		30.338368	0.814528
600000000	24.734195	2		16.039268	1.542102
600000000	24.721945	2		16.053888	1.539935
600000000	28.501678	2		16.096801	1.770642
600000000	24.902812	2		16.047824	1.551787
600000000	24.719181	2		16.089598	1.536345
600000000	24.842314	4		9.029421	2.751263
600000000	24.728742	4		9.028668	2.738914
600000000	29.198543	4		9.031727	3.232886
600000000	24.856784	4		9.031736	2.752160
600000000	24.769364	4		9.031965	2.742411
600000000	24.750928	8		4.753628	5.206745
600000000	24.813993	8		4.889511	5.074944
600000000	24.768976	8		4.745290	5.219697
600000000	24.737586	8		4.744933	5.213474
600000000	24.770317	8		4.816951	5.142323